Reference frame: Origins (Ox, Oy, Oz) followed by the direction cosines of the
                 X- (Xx, Yx, Zx), Y- (Yx, Yx, Yx), and Z- (Zx, Zx, Zx) axes
*****************************************************************************************
Local base-pair reference frames
                Ox      Oy      Oz     Xx    Xy    Xz   Yx    Yy    Yz    Zx    Zy    Zz
   1 G-C     -41.31  -68.46  -17.50  0.43  0.85  0.29  0.44  0.08 -0.89 -0.79  0.51 -0.34
   2 G-C     -43.84  -66.59  -18.61  0.62  0.76 -0.17  0.19 -0.36 -0.91 -0.76  0.54 -0.37
   3 G-C     -45.46  -63.41  -20.06  0.58  0.45 -0.68 -0.29 -0.67 -0.69 -0.76  0.59 -0.26
   4 G-C     -47.91  -61.89  -20.45  0.34  0.00 -0.94 -0.53 -0.83 -0.19 -0.78  0.56 -0.28
   5 G-C     -49.90  -59.43  -22.01 -0.03 -0.38 -0.92 -0.62 -0.72  0.32 -0.79  0.58 -0.21
   6 T-A     -51.76  -56.29  -22.85 -0.42 -0.69 -0.59 -0.48 -0.38  0.79 -0.77  0.61 -0.17
   7 A-T     -54.12  -53.88  -23.95 -0.71 -0.70  0.00 -0.09  0.09  0.99 -0.70  0.71 -0.13
   8 A-T     -56.36  -51.64  -25.27 -0.68 -0.42  0.61  0.39  0.50  0.78 -0.63  0.76 -0.17
   9 C-G     -59.51  -49.83  -26.11 -0.37 -0.02  0.93  0.72  0.63  0.30 -0.59  0.78 -0.22
  10 C-G     -62.00  -47.90  -27.69 -0.00  0.36  0.93  0.82  0.53 -0.20 -0.57  0.77 -0.30
  11 C-G     -63.50  -45.42  -28.18  0.45  0.59  0.67  0.66  0.28 -0.70 -0.60  0.76 -0.26
  12 C-G     -66.68  -43.81  -29.66  0.76  0.63  0.17  0.36 -0.19 -0.91 -0.54  0.76 -0.37
  13 T-A     -68.97  -41.63  -30.73  0.87  0.42 -0.25 -0.06 -0.41 -0.91 -0.49  0.81 -0.33
*****************************************************************************************
Local middle reference frames
                Ox      Oy      Oz     Xx    Xy    Xz   Yx    Yy    Yz    Zx    Zy    Zz
   1 GG/CC   -42.58  -67.52  -18.05  0.54  0.84  0.06  0.33 -0.15 -0.93 -0.77  0.53 -0.35
   2 GG/CC   -44.65  -65.00  -19.34  0.64  0.63 -0.44 -0.05 -0.54 -0.84 -0.76  0.57 -0.31
   3 GG/CC   -46.68  -62.65  -20.26  0.48  0.24 -0.85 -0.42 -0.78 -0.46 -0.77  0.58 -0.27
   4 GG/CC   -48.91  -60.66  -21.23  0.16 -0.20 -0.97 -0.60 -0.80  0.06 -0.78  0.57 -0.25
   5 GT/AC   -50.83  -57.86  -22.43 -0.24 -0.56 -0.79 -0.58 -0.57  0.58 -0.78  0.60 -0.19
   6 TA/TA   -52.94  -55.08  -23.40 -0.60 -0.74 -0.31 -0.32 -0.14  0.94 -0.73  0.66 -0.15
   7 AA/TT   -55.24  -52.76  -24.61 -0.73 -0.60  0.32  0.14  0.33  0.93 -0.66  0.73 -0.15
   8 AC/GT   -57.94  -50.74  -25.69 -0.55 -0.23  0.80  0.57  0.60  0.56 -0.61  0.77 -0.20
   9 CC/GG   -60.75  -48.87  -26.90 -0.20  0.18  0.96  0.79  0.61  0.05 -0.58  0.77 -0.26
  10 CC/GG   -62.75  -46.66  -27.93  0.24  0.49  0.84  0.78  0.42 -0.47 -0.58  0.76 -0.28
  11 CC/GG   -65.09  -44.62  -28.92  0.62  0.65  0.43  0.54  0.05 -0.84 -0.57  0.76 -0.32
  12 CT/AG   -67.82  -42.72  -30.19  0.84  0.53 -0.04  0.16 -0.32 -0.93 -0.51  0.78 -0.35
*****************************************************************************************
Local middle helical reference frames
                Ox      Oy      Oz     Xx    Xy    Xz   Yx    Yy    Yz    Zx    Zy    Zz
   1 GG/CC   -42.08  -67.20  -18.64  0.49  0.87  0.04  0.38 -0.18 -0.91 -0.79  0.46 -0.41
   2 GG/CC   -44.37  -65.47  -20.67  0.78  0.50 -0.37 -0.07 -0.52 -0.85 -0.62  0.69 -0.37
   3 GG/CC   -46.48  -62.27  -20.06  0.42  0.28 -0.86 -0.41 -0.79 -0.46 -0.81  0.55 -0.22
   4 GG/CC   -49.64  -61.68  -21.90  0.17 -0.20 -0.97 -0.70 -0.71  0.03 -0.69  0.67 -0.26
   5 GT/AC   -50.45  -58.10  -24.15 -0.23 -0.57 -0.79 -0.65 -0.52  0.56 -0.73  0.64 -0.25
   6 TA/TA   -52.91  -55.06  -23.41 -0.60 -0.73 -0.31 -0.44 -0.02  0.90 -0.66  0.68 -0.31
   7 AA/TT   -55.63  -53.19  -24.67 -0.72 -0.61  0.33  0.05  0.42  0.91 -0.69  0.67 -0.27
   8 AC/GT   -58.11  -50.28  -24.05 -0.56 -0.22  0.80  0.51  0.68  0.54 -0.66  0.70 -0.27
   9 CC/GG   -61.77  -49.62  -26.24 -0.20  0.18  0.96  0.70  0.71  0.01 -0.68  0.68 -0.27
  10 CC/GG   -62.42  -46.51  -28.16  0.28  0.44  0.86  0.79  0.40 -0.46 -0.54  0.81 -0.24
  11 CC/GG   -65.54  -44.31  -27.59  0.50  0.79  0.36  0.52  0.06 -0.85 -0.69  0.61 -0.38
  12 CT/AG   -67.37  -41.38  -28.40  0.89  0.46 -0.00  0.22 -0.43 -0.88 -0.40  0.78 -0.48
*****************************************************************************************
Local strand I base reference frames
                Ox      Oy      Oz     Xx    Xy    Xz   Yx    Yy    Yz    Zx    Zy    Zz
   1 G       -41.44  -68.78  -17.69  0.37  0.91  0.20  0.47  0.01 -0.88 -0.80  0.42 -0.42
   2 G       -43.95  -66.60  -18.64  0.58  0.80 -0.15  0.23 -0.34 -0.91 -0.78  0.49 -0.38
   3 G       -45.54  -63.54  -19.82  0.53  0.45 -0.72 -0.23 -0.74 -0.63 -0.82  0.50 -0.28
   4 G       -48.12  -61.58  -20.49  0.32  0.03 -0.95 -0.62 -0.75 -0.24 -0.72  0.66 -0.22
   5 G       -50.10  -59.10  -22.05 -0.09 -0.34 -0.94 -0.71 -0.64  0.30 -0.70  0.69 -0.18
   6 T       -51.86  -56.00  -22.93 -0.44 -0.63 -0.64 -0.55 -0.37  0.75 -0.71  0.68 -0.19
   7 A       -54.35  -53.62  -24.22 -0.82 -0.57 -0.04 -0.10  0.07  0.99 -0.56  0.82 -0.11
   8 A       -56.56  -51.52  -25.33 -0.73 -0.40  0.55  0.39  0.42  0.82 -0.56  0.81 -0.15
   9 C       -59.75  -49.61  -26.14 -0.40  0.04  0.91  0.78  0.53  0.32 -0.48  0.84 -0.25
  10 C       -62.24  -47.71  -27.73 -0.02  0.39  0.92  0.88  0.44 -0.16 -0.47  0.81 -0.35
  11 C       -63.39  -45.39  -27.91  0.44  0.64  0.63  0.59  0.32 -0.74 -0.68  0.70 -0.23
  12 C       -66.69  -43.75  -29.72  0.72  0.66  0.20  0.39 -0.15 -0.91 -0.57  0.74 -0.36
  13 T       -68.80  -41.55  -30.69  0.85  0.48 -0.23 -0.06 -0.33 -0.94 -0.53  0.81 -0.25
*****************************************************************************************
Local strand II base reference frames
                Ox      Oy      Oz     Xx    Xy    Xz   Yx    Yy    Yz    Zx    Zy    Zz
   1 C       -41.19  -68.14  -17.31  0.50  0.78  0.37  0.42  0.16 -0.89 -0.76  0.60 -0.25
   2 C       -43.73  -66.58  -18.57  0.66  0.72 -0.19  0.15 -0.38 -0.91 -0.73  0.58 -0.36
   3 C       -45.37  -63.28  -20.31  0.63  0.44 -0.64 -0.33 -0.59 -0.74 -0.70  0.68 -0.23
   4 C       -47.71  -62.19  -20.41  0.37 -0.03 -0.93 -0.43 -0.89 -0.14 -0.82  0.45 -0.34
   5 C       -49.69  -59.75  -21.96  0.03 -0.41 -0.91 -0.52 -0.79  0.34 -0.85  0.46 -0.24
   6 A       -51.66  -56.59  -22.77 -0.39 -0.75 -0.54 -0.41 -0.38  0.83 -0.82  0.55 -0.15
   7 T       -53.88  -54.13  -23.67 -0.58 -0.82  0.04 -0.09  0.12  0.99 -0.81  0.57 -0.14
   8 T       -56.16  -51.76  -25.20 -0.62 -0.43  0.66  0.37  0.57  0.73 -0.69  0.70 -0.20
   9 G       -59.27  -50.05  -26.09 -0.34 -0.07  0.94  0.64  0.71  0.28 -0.69  0.70 -0.19
  10 G       -61.76  -48.09  -27.66  0.02  0.33  0.94  0.75  0.62 -0.23 -0.66  0.71 -0.24
  11 G       -63.60  -45.46  -28.44  0.46  0.54  0.71  0.73  0.23 -0.64 -0.51  0.81 -0.29
  12 G       -66.66  -43.87  -29.60  0.80  0.59  0.14  0.34 -0.24 -0.91 -0.50  0.77 -0.39
  13 A       -69.13  -41.71  -30.76  0.90  0.35 -0.27 -0.07 -0.49 -0.87 -0.44  0.80 -0.41
****************************************************************************
Local strand I base step parameters
    step       Shift     Slide      Rise      Tilt      Roll     Twist
   1  G/G       0.66     -0.42      3.37      2.43      4.41     24.27
   2  G/G       1.59     -0.75      3.19      4.87     -3.37     39.00
   3  G/G      -0.16     -0.08      3.29     11.26      1.82     29.95
   4  G/G       0.88     -0.46      3.40      1.49     -2.48     31.89
   5  G/T      -0.36     -0.97      3.53     -0.29      0.74     31.82
   6  T/A       0.62     -0.57      3.58      0.18    -12.67     40.19
   7  A/A       0.41     -0.85      3.10      2.36     -0.25     36.11
   8  A/C       0.93     -1.42      3.41     -0.69     -7.61     37.86
   9  C/C      -0.55     -1.26      3.23      1.15     -6.15     29.17
  10  C/C       0.75      0.14      2.49     15.32     -0.65     35.40
  11  C/C      -1.58      0.01      3.78     -9.62      2.15     29.74
  12  C/T      -0.44      0.01      3.18      6.76      4.29     27.44
          ~~~~~~~~~~~~~~~~~~~~~~~~~~~~~~~~~~~~~~~~~~~~~~~~~~~~~~~~~~~~
      ave.      0.23     -0.55      3.30      2.94     -1.65     32.74
      s.d.      0.86      0.52      0.32      6.29      5.12      4.96
****************************************************************************
Local strand I base helical parameters
    step       X-disp    Y-disp   h-Rise     Incl.       Tip   h-Twist
   1  G/G      -2.35     -0.78      3.30     10.35     -5.69     24.78
   2  G/G      -0.71     -1.77      3.41     -5.01     -7.24     39.43
   3  G/G      -0.47      2.33      3.03      3.37    -20.86     32.00
   4  G/G      -0.36     -1.31      3.46     -4.50     -2.70     32.02
   5  G/T      -1.92      0.60      3.51      1.35      0.52     31.83
   6  T/A       0.69     -0.84      3.59    -17.90     -0.26     42.06
   7  A/A      -1.34     -0.35      3.13     -0.40     -3.80     36.19
   8  A/C      -1.13     -1.50      3.60    -11.59      1.05     38.60
   9  C/C      -1.14      1.31      3.39    -12.04     -2.26     29.82
  10  C/C       0.28      0.41      2.59     -1.01    -23.86     38.48
  11  C/C      -0.48      0.68      4.07      4.06     18.13     31.30
  12  C/T      -0.92      2.36      2.95      8.81    -13.88     28.56
          ~~~~~~~~~~~~~~~~~~~~~~~~~~~~~~~~~~~~~~~~~~~~~~~~~~~~~~~~~~~~
      ave.     -0.82      0.09      3.33     -2.04     -5.07     33.76
      s.d.      0.85      1.42      0.38      8.58     11.00      5.15
****************************************************************************
Local strand II base step parameters
    step       Shift     Slide      Rise      Tilt      Roll     Twist
   1  C/C      -0.38      0.27      3.21     -6.28     -0.87     34.51
   2  C/C       1.56     -0.02      3.76      9.51      1.52     30.64
   3  C/C      -0.80      0.15      2.45    -16.04     -1.17     36.16
   4  C/C       0.52     -1.26      3.24     -1.06     -5.90     29.02
   5  C/A      -0.95     -1.42      3.40      0.79     -7.12     37.67
   6  A/T      -0.64     -0.60      3.32     -0.11     -1.54     35.64
   7  T/T      -0.68     -0.75      3.48     -1.12    -10.67     41.31
   8  T/G       0.37     -0.97      3.51     -0.11      0.05     31.25
   9  G/G      -0.85     -0.47      3.40     -1.48     -2.71     30.91
  10  G/G       0.16      0.08      3.30    -10.69      2.26     31.35
  11  G/G      -1.56     -0.75      3.20     -4.77     -3.53     38.52
  12  G/A      -1.02     -0.11      3.33     -1.40      4.11     27.95
          ~~~~~~~~~~~~~~~~~~~~~~~~~~~~~~~~~~~~~~~~~~~~~~~~~~~~~~~~~~~~
      ave.     -0.36     -0.49      3.30     -2.73     -2.13     33.74
      s.d.      0.86      0.56      0.31      6.34      4.19      4.17
****************************************************************************
Local strand II base helical parameters
    step       X-disp    Y-disp   h-Rise     Incl.       Tip   h-Twist
   1  C/C       0.57     -0.31      3.22     -1.45     10.47     35.07
   2  C/C      -0.37     -0.73      4.05      2.78    -17.47     32.08
   3  C/C       0.33     -0.33      2.56     -1.78     24.41     39.46
   4  C/C      -1.18     -1.25      3.40    -11.63      2.08     29.62
   5  C/A      -1.20      1.56      3.58    -10.91     -1.21     38.32
   6  A/T      -0.76      1.04      3.35     -2.51      0.18     35.68
   7  T/T       0.14      0.81      3.58    -14.82      1.56     42.63
   8  T/G      -1.80     -0.71      3.51      0.09      0.20     31.25
   9  G/G      -0.32      1.28      3.46     -5.08      2.77     31.06
  10  G/G      -0.25     -2.08      3.08      4.03     19.06     33.16
  11  G/G      -0.70      1.75      3.42     -5.31      7.17     38.96
  12  G/A      -1.20      1.76      3.32      8.45      2.88     28.28
          ~~~~~~~~~~~~~~~~~~~~~~~~~~~~~~~~~~~~~~~~~~~~~~~~~~~~~~~~~~~~
      ave.     -0.56      0.23      3.38     -3.18      4.34     34.63
      s.d.      0.71      1.30      0.35      6.83     10.55      4.46
****************************************************************************
xyz coordinates of C1' atoms

    bp        xI       yI       zI       xII      yII      zII
   1 G-C   -39.839  -71.077  -22.884  -44.697  -70.957  -13.388
   2 G-C   -44.204  -70.412  -23.111  -46.215  -66.275  -13.152
   3 G-C   -48.169  -68.543  -21.392  -45.142  -61.196  -14.737
   4 G-C   -52.282  -65.720  -19.454  -46.324  -57.265  -17.357
   5 G-C   -53.716  -61.702  -18.138  -47.002  -54.439  -21.585
   6 T-A   -53.720  -56.481  -17.317  -48.552  -52.673  -25.849
   7 A-T   -52.723  -51.880  -18.931  -52.063  -52.688  -29.127
   8 A-T   -52.666  -48.315  -22.332  -56.683  -53.770  -30.763
   9 C-G   -54.490  -46.858  -26.633  -61.869  -53.742  -29.924
  10 C-G   -57.364  -46.342  -30.866  -65.870  -52.277  -28.716
  11 C-G   -61.296  -45.224  -33.499  -68.587  -48.070  -26.782
  12 C-G   -66.320  -46.232  -35.125  -70.444  -44.124  -25.104
  13 T-A   -71.237  -44.536  -35.190  -71.009  -39.918  -25.460
****************************************************************************
xyz coordinates of RN9/YN1 atoms

    bp        xI       yI       zI       xII      yII      zII
   1 G-C   -39.783  -69.935  -21.964  -43.748  -69.869  -13.731
   2 G-C   -43.633  -69.188  -22.582  -45.245  -65.797  -14.164
   3 G-C   -47.247  -67.490  -21.750  -44.676  -61.173  -16.143
   4 G-C   -51.356  -65.034  -20.349  -46.212  -58.114  -18.563
   5 G-C   -53.199  -61.599  -19.494  -47.367  -55.657  -22.333
   6 T-A   -53.794  -56.851  -18.752  -49.312  -53.914  -25.805
   7 A-T   -53.733  -52.555  -19.722  -52.708  -53.629  -28.181
   8 A-T   -53.892  -49.095  -22.361  -57.048  -53.798  -29.330
   9 C-G   -55.691  -47.227  -25.866  -61.766  -53.190  -28.580
  10 C-G   -58.204  -46.207  -29.658  -65.196  -51.343  -27.817
  11 C-G   -61.284  -44.736  -32.093  -67.528  -47.145  -26.440
  12 C-G   -65.860  -45.255  -34.117  -69.233  -43.535  -25.645
  13 T-A   -70.168  -43.664  -34.635  -69.963  -39.950  -26.494
****************************************************************************
xyz coordinates of RC8/YC6 atoms

    bp        xI       yI       zI       xII      yII      zII
   1 G-C   -39.119  -68.736  -22.065  -43.336  -68.972  -12.792
   2 G-C   -42.808  -68.267  -23.167  -44.507  -64.681  -13.936
   3 G-C   -46.718  -67.182  -22.972  -43.705  -60.311  -16.557
   4 G-C   -51.176  -65.287  -21.685  -45.541  -57.676  -19.659
   5 G-C   -53.606  -62.296  -20.603  -47.077  -55.757  -23.656
   6 T-A   -54.645  -57.864  -19.146  -49.669  -54.735  -26.843
   7 A-T   -54.826  -53.296  -19.352  -53.410  -54.701  -28.682
   8 A-T   -54.681  -49.474  -21.305  -58.047  -54.649  -28.908
   9 C-G   -55.778  -46.916  -24.546  -62.464  -53.576  -27.466
  10 C-G   -57.761  -45.501  -28.582  -65.466  -51.155  -26.488
  11 C-G   -60.435  -43.758  -31.689  -67.203  -46.607  -25.229
  12 C-G   -64.738  -44.520  -34.339  -68.315  -42.698  -25.073
  13 T-A   -69.137  -43.236  -35.442  -68.757  -39.296  -26.513
****************************************************************************
xyz coordinates of O1P atoms w.r.t. the middle frame of each dimer

    step       xI      yI      zI     xII     yII     zII
   1 GG/CC   -5.76    9.34   -1.95   -3.96   10.17   -1.03
   2 GG/CC   -4.36   10.49   -0.38   -2.70   10.21    0.73
   3 GG/CC   -3.55   10.31    0.50   -4.67    9.88   -0.63
   4 GG/CC   -4.10   10.13    1.77   -4.30   10.11   -0.32
   5 GT/AC   -3.69    9.86    2.44   -4.32    9.85    0.38
   6 TA/TA   -4.13    9.64    0.10   -4.36    9.89   -0.73
   7 AA/TT   -4.45    9.82   -0.65   -4.05    9.79    0.22
   8 AC/GT   -4.39    9.90    0.25   -3.62   10.03    2.25
   9 CC/GG   -4.37   10.13   -0.20   -4.30   10.15    1.63
  10 CC/GG   -4.66    9.92   -0.50   -3.74   10.22    0.07
  11 CC/GG   -2.72   10.25    0.67   -4.17   10.54   -0.32
  12 CT/AG   -4.04    9.87   -1.26   -5.01    9.41   -1.95
****************************************************************************
xyz coordinates of O1P atoms w.r.t. the middle helix frame of each dimer

    step      xIH     yIH     zIH     xIIH    yIIH    zIIH
   1 GG/CC   -6.36    8.77   -1.01   -4.41   10.88   -0.67
   2 GG/CC   -4.65    9.11   -1.49   -3.01   11.59    0.98
   3 GG/CC   -3.52   10.77    0.91   -4.64    9.42   -0.81
   4 GG/CC   -4.85    9.04    0.38   -5.04   11.20   -1.64
   5 GT/AC   -5.12   11.12    1.52   -5.73    8.76   -0.45
   6 TA/TA   -4.10    9.53   -1.61   -4.32    9.58   -2.50
   7 AA/TT   -4.94    9.90   -2.07   -4.58    9.48   -1.03
   8 AC/GT   -5.70    8.77   -0.74   -4.95   11.31    1.13
   9 CC/GG   -5.08   11.24   -1.63   -5.01    9.03    0.14
  10 CC/GG   -4.59    9.50   -0.51   -3.68   10.63    0.63
  11 CC/GG   -3.05   11.62    1.00   -4.50    9.18   -1.35
  12 CT/AG   -4.98   12.02   -0.25   -6.13    7.52   -0.15
****************************************************************************
xyz coordinates of O2P atoms w.r.t. the middle frame of each dimer

    step       xI      yI      zI     xII     yII     zII
   1 GG/CC   -3.40   10.16   -1.14   -1.79   10.14    0.33
   2 GG/CC   -2.12    9.58    0.63   -1.31    8.54    2.10
   3 GG/CC   -1.69    8.97    1.68   -2.39    9.91    0.58
   4 GG/CC   -1.69    9.48    2.49   -2.12    9.71    0.97
   5 GT/AC   -1.56    8.63    3.12   -2.06    9.51    1.50
   6 TA/TA   -2.25    9.01    1.77   -2.16    9.80    0.59
   7 AA/TT   -2.20    9.68    0.62   -2.16    9.18    1.92
   8 AC/GT   -2.10    9.69    1.36   -1.52    8.77    3.07
   9 CC/GG   -2.22    9.71    1.09   -1.88    9.68    2.32
  10 CC/GG   -2.34    9.86    0.62   -1.90    9.01    1.49
  11 CC/GG   -1.28    8.60    2.02   -1.97    9.54    0.69
  12 CT/AG   -1.84   10.24    0.02   -2.74   10.18   -0.98
****************************************************************************
xyz coordinates of O2P atoms w.r.t. the middle helix frame of each dimer

    step      xIH     yIH     zIH     xIIH    yIIH    zIIH
   1 GG/CC   -3.95    9.53   -0.31   -2.33   10.78    0.82
   2 GG/CC   -2.65    8.23   -0.05   -1.37    9.96    2.10
   3 GG/CC   -1.58    9.41    1.93   -2.45    9.43    0.56
   4 GG/CC   -2.44    8.50    1.19   -2.86   10.99   -0.32
   5 GT/AC   -2.99    9.95    2.34   -3.45    8.53    0.67
   6 TA/TA   -2.21    9.20    0.15   -2.13    9.73   -1.18
   7 AA/TT   -2.73    9.93   -0.75   -2.66    9.10    0.70
   8 AC/GT   -3.40    8.68    0.36   -2.86   10.15    2.11
   9 CC/GG   -2.92   11.01   -0.30   -2.59    8.67    0.90
  10 CC/GG   -2.35    9.41    0.76   -1.75    9.39    1.89
  11 CC/GG   -1.36    9.98    2.07   -2.55    8.20    0.10
  12 CT/AG   -2.92   12.19    1.28   -3.77    8.16    0.71
****************************************************************************
xyz coordinates of P atoms w.r.t. the middle frame of each dimer

    step       xI      yI      zI     xII     yII     zII
   1 GG/CC   -4.32    9.01   -1.56   -2.82    9.35   -0.48
   2 GG/CC   -3.44    9.32   -0.11   -2.30    8.77    0.97
   3 GG/CC   -2.88    8.98    0.72   -3.43    9.12   -0.22
   4 GG/CC   -2.98    9.11    1.73   -3.09    9.22   -0.10
   5 GT/AC   -2.72    8.76    2.13   -3.02    9.09    0.40
   6 TA/TA   -3.01    8.70    0.48   -3.08    9.11   -0.40
   7 AA/TT   -3.16    9.03   -0.39   -2.93    8.84    0.65
   8 AC/GT   -3.07    9.17    0.30   -2.67    8.88    2.07
   9 CC/GG   -3.15    9.26   -0.04   -3.12    9.22    1.55
  10 CC/GG   -3.39    9.14   -0.20   -3.04    8.93    0.45
  11 CC/GG   -2.29    8.83    0.90   -3.31    9.32   -0.07
  12 CT/AG   -2.78    9.28   -0.68   -3.60    9.06   -1.55
****************************************************************************
xyz coordinates of P atoms w.r.t. the middle helix frame of each dimer

    step      xIH     yIH     zIH     xIIH    yIIH    zIIH
   1 GG/CC   -4.90    8.41   -0.73   -3.31   10.04   -0.10
   2 GG/CC   -3.80    7.94   -1.02   -2.56   10.16    1.18
   3 GG/CC   -2.84    9.44    1.05   -3.43    8.65   -0.32
   4 GG/CC   -3.72    8.03    0.48   -3.83   10.36   -1.32
   5 GT/AC   -4.15    9.99    1.32   -4.42    8.00   -0.38
   6 TA/TA   -2.98    8.67   -1.06   -3.05    8.88   -2.04
   7 AA/TT   -3.66    9.15   -1.68   -3.46    8.59   -0.51
   8 AC/GT   -4.38    8.05   -0.63   -4.00   10.15    1.09
   9 CC/GG   -3.85   10.40   -1.35   -3.83    8.10    0.21
  10 CC/GG   -3.34    8.71   -0.15   -2.96    9.34    0.92
  11 CC/GG   -2.57   10.19    1.17   -3.71    7.97   -0.91
  12 CT/AG   -3.78   11.34    0.37   -4.68    7.12    0.07
****************************************************************************
xyz coordinates of P atoms

    bp        xI       yI       zI       xII      yII      zII
   1 G-C     ----     ----     ----   -47.549  -68.280   -9.661
   2 G-C   -40.753  -73.281  -26.163  -44.921  -62.263  -10.640
   3 G-C   -47.276  -72.221  -25.627  -44.614  -56.228  -13.228
   4 G-C   -52.419  -69.929  -22.133  -43.944  -52.643  -18.825
   5 G-C   -56.224  -66.344  -18.224  -44.523  -51.201  -25.205
   6 T-A   -56.944  -60.077  -15.618  -48.496  -51.285  -31.051
   7 A-T   -54.249  -53.747  -14.367  -53.941  -54.360  -33.713
   8 A-T   -51.351  -48.217  -17.127  -60.288  -57.030  -32.405
   9 C-G   -51.181  -44.331  -23.069  -66.544  -56.241  -29.949
  10 C-G   -52.783  -43.821  -29.485  -70.146  -52.268  -26.175
  11 C-G   -56.341  -44.625  -34.993  -72.191  -47.156  -22.517
  12 C-G   -62.289  -45.007  -37.632  -73.084  -40.535  -22.136
  13 T-A   -68.356  -47.699  -38.508    ----     ----     ---- 
*******************************************************************************************
Phosphorus-phosphorus distance in Angstroms

            1      2      3      4      5      6      7      8      9     10     11     12
            C      C      C      C      C      A      T      T      G      G      G      G   
   1 G    ----   ----   ----   ----   ----   ----   ----   ----   ----   ----   ----   ----
   2 G    18.5   19.5   21.7   22.1   22.4   23.8   24.3   26.2   31.1   36.1   41.0   46.2
   3 G    16.4   18.1   20.4   21.0   21.2   21.7   20.7   21.1   25.4   30.4   35.5   41.0
   4 G    13.5   15.7   18.1   19.5   20.6   21.0   19.5   18.3   21.2   25.3   30.2   35.9
   5 G    12.3   14.2   16.2   18.4   20.4   21.2   19.7   17.4   18.6   21.3   25.3   31.1
   6 T    13.8   13.2   13.1   15.3   18.0   19.7   19.2   17.4   17.7   18.6   21.1   26.2
   7 A    16.7   13.2   10.0   11.3   14.8   17.8   19.4   19.3   20.0   19.9   20.8   24.3
   8 A    21.7   16.8   11.2    8.8   11.0   14.5   17.9   19.8   21.4   21.2   21.6   23.6
   9 C    27.7   22.7   16.8   11.8    9.8   10.9   14.9   18.2   20.6   20.8   21.2   22.2
  10 C    31.9   27.5   22.0   16.4   11.9    8.7   11.4   15.5   18.5   19.6   20.9   21.8
  11 C    35.8   32.2   27.3   21.9   16.7   11.0   10.1   13.3   16.3   18.1   20.3   21.5
  12 C    39.3   36.4   32.2   27.4   22.5   16.5   13.1   13.3   14.3   15.7   18.2   19.4
  13 T    41.1   39.2   35.7   31.7   27.5   21.5   16.6   13.8   12.2   13.3   16.5   18.5

           13
            A   
   1 G    ----
   2 G    ----
   3 G    ----
   4 G    ----
   5 G    ----
   6 T    ----
   7 A    ----
   8 A    ----
   9 C    ----
  10 C    ----
  11 C    ----
  12 C    ----
  13 T    ----
****************************************************************************
Strand I helix radius

    step          P        O4'       C1'
   1  G/G      10.48      7.25      6.65
   2  G/G       8.63      5.32      4.73
   3  G/G      11.73      8.93      8.23
   4  G/G       8.70      5.51      4.95
   5  G/T      10.54      8.17      7.43
   6  T/A       8.07      5.01      4.57
   7  A/A       9.95      6.91      6.24
   8  A/C       8.86      5.74      5.21
   9  C/C      11.38      8.18      7.50
  10  C/C      10.02      6.72      6.14
  11  C/C       9.80      7.43      6.68
  12  C/T      12.18      9.13      8.47
****************************************************************************
Strand II helix radius

    step          P        O4'       C1'
   1  C/C       9.79      6.57      6.02
   2  C/C       9.81      7.43      6.70
   3  C/C       9.88      6.61      6.03
   4  C/C      11.35      8.17      7.48
   5  C/A       8.84      5.77      5.23
   6  A/T       9.20      6.06      5.39
   7  T/T       8.46      5.39      4.94
   8  T/G      10.67      8.18      7.45
   9  G/G       8.79      5.50      4.95
  10  G/G      11.44      8.63      7.92
  11  G/G       8.63      5.32      4.73
  12  G/A       8.91      5.71      5.12
****************************************************************************************
Base-pair helix axis

               Ox      Oy      Oz     Xx    Xy    Xz   Yx    Yy    Yz    Zx    Zy    Zz
   1 GG/CC  -40.78  -67.96  -17.96  0.38  0.89  0.27  0.49  0.05 -0.87 -0.79  0.46 -0.41
            -43.38  -66.44  -19.32  0.57  0.80 -0.20  0.24 -0.39 -0.89 -0.79  0.46 -0.41
   2 GG/CC  -43.21  -66.76  -19.97  0.77  0.64 -0.10  0.17 -0.34 -0.92 -0.62  0.69 -0.37
            -45.53  -64.18  -21.37  0.72  0.32 -0.61 -0.31 -0.65 -0.70 -0.62  0.69 -0.37
   3 GG/CC  -45.31  -63.06  -19.74  0.52  0.49 -0.70 -0.27 -0.68 -0.68 -0.81  0.55 -0.22
            -47.65  -61.48  -20.37  0.28  0.04 -0.96 -0.52 -0.84 -0.19 -0.81  0.55 -0.22
   4 GG/CC  -48.45  -62.83  -21.46  0.35 -0.00 -0.94 -0.63 -0.74 -0.23 -0.69  0.67 -0.26
            -50.83  -60.53  -22.35 -0.02 -0.38 -0.92 -0.72 -0.63  0.28 -0.69  0.67 -0.26
   5 GT/AC  -49.15  -59.24  -23.70 -0.02 -0.38 -0.92 -0.69 -0.66  0.29 -0.73  0.64 -0.25
            -51.74  -56.96  -24.59 -0.41 -0.70 -0.59 -0.55 -0.32  0.77 -0.73  0.64 -0.25
   6 TA/TA  -51.73  -56.27  -22.85 -0.42 -0.69 -0.59 -0.62 -0.26  0.74 -0.66  0.68 -0.31
            -54.09  -53.86  -23.96 -0.71 -0.70  0.00 -0.22  0.22  0.95 -0.66  0.68 -0.31
   7 AA/TT  -54.45  -54.33  -24.21 -0.70 -0.72  0.01 -0.19  0.19  0.96 -0.69  0.67 -0.27
            -56.81  -52.05  -25.13 -0.66 -0.44  0.61  0.29  0.60  0.74 -0.69  0.67 -0.27
   8 AC/GT  -56.94  -51.53  -23.57 -0.68 -0.41  0.60  0.31  0.58  0.75 -0.66  0.70 -0.27
            -59.28  -49.02  -24.53 -0.38 -0.00  0.92  0.65  0.71  0.27 -0.66  0.70 -0.27
   9 CC/GG  -60.59  -50.79  -25.77 -0.38 -0.01  0.93  0.62  0.74  0.26 -0.68  0.68 -0.27
            -62.94  -48.46  -26.70 -0.01  0.36  0.93  0.73  0.64 -0.24 -0.68  0.68 -0.27
  10 CC/GG  -61.62  -47.69  -27.81  0.04  0.30  0.95  0.84  0.51 -0.19 -0.54  0.81 -0.24
            -63.21  -45.33  -28.51  0.49  0.53  0.69  0.68  0.26 -0.69 -0.54  0.81 -0.24
  11 CC/GG  -64.25  -45.46  -26.87  0.32  0.73  0.60  0.65  0.29 -0.70 -0.69  0.61 -0.38
            -66.84  -43.16  -28.31  0.63  0.77  0.09  0.35 -0.18 -0.92 -0.69  0.61 -0.38
  12 CT/AG  -66.74  -42.60  -27.65  0.81  0.55  0.21  0.43 -0.30 -0.85 -0.40  0.78 -0.48
            -68.01  -40.16  -29.16  0.91  0.34 -0.21 -0.00 -0.53 -0.85 -0.40  0.78 -0.48
****************************************************************************************
Strand I helix axis

               Ox      Oy      Oz     Xx    Xy    Xz   Yx    Yy    Yz    Zx    Zy    Zz
   1  G/G   -39.94  -66.82  -17.72  0.44  0.86  0.25  0.60 -0.08 -0.80 -0.67  0.50 -0.55
            -42.14  -65.17  -19.54  0.65  0.75 -0.11  0.36 -0.43 -0.83 -0.67  0.50 -0.55
   2  G/G   -43.18  -66.60  -20.39  0.67  0.73 -0.11  0.16 -0.29 -0.94 -0.72  0.62 -0.32
            -45.63  -64.49  -21.47  0.62  0.38 -0.68 -0.30 -0.69 -0.66 -0.72  0.62 -0.32
   3  G/G   -44.72  -61.62  -18.68  0.79  0.25 -0.57 -0.19 -0.77 -0.61 -0.59  0.59 -0.56
            -46.50  -59.85  -20.37  0.56 -0.20 -0.80 -0.58 -0.79 -0.21 -0.59  0.59 -0.56
   4  G/G   -48.88  -62.50  -21.15  0.36 -0.00 -0.93 -0.67 -0.69 -0.26 -0.65  0.72 -0.25
            -51.12  -60.01  -22.01 -0.05 -0.37 -0.93 -0.76 -0.59  0.28 -0.65  0.72 -0.25
   5  G/T   -49.87  -59.34  -24.03 -0.09 -0.33 -0.94 -0.69 -0.66  0.30 -0.72  0.68 -0.17
            -52.39  -56.97  -24.61 -0.44 -0.63 -0.64 -0.54 -0.39  0.75 -0.72  0.68 -0.17
   6  T/A   -52.19  -55.68  -21.95 -0.43 -0.64 -0.64 -0.75 -0.14  0.65 -0.51  0.76 -0.41
            -54.01  -52.96  -23.43 -0.82 -0.57 -0.04 -0.26  0.32  0.91 -0.51  0.76 -0.41
   7  A/A   -55.44  -54.42  -23.91 -0.78 -0.62 -0.03 -0.10  0.08  0.99 -0.61  0.78 -0.12
            -57.35  -51.98  -24.29 -0.69 -0.45  0.56  0.38  0.43  0.82 -0.61  0.78 -0.12
   8  A/C   -56.99  -51.09  -23.56 -0.74 -0.39  0.55  0.27  0.58  0.77 -0.62  0.72 -0.32
            -59.21  -48.51  -24.72 -0.41  0.06  0.91  0.67  0.69  0.26 -0.62  0.72 -0.32
   9  C/C   -61.06  -50.52  -25.43 -0.38  0.01  0.92  0.66  0.70  0.26 -0.64  0.71 -0.27
            -63.24  -48.09  -26.36  0.00  0.36  0.93  0.77  0.60 -0.23 -0.64  0.71 -0.27
  10  C/C   -62.64  -47.91  -27.93  0.17  0.03  0.98  0.87  0.46 -0.17 -0.45  0.89  0.05
            -63.81  -45.61  -27.79  0.68  0.31  0.67  0.58  0.34 -0.74 -0.45  0.89  0.05
  11  C/C   -63.72  -45.18  -27.17  0.21  0.83  0.52  0.64  0.28 -0.72 -0.74  0.48 -0.47
            -66.74  -43.22  -29.08  0.51  0.85  0.07  0.43 -0.19 -0.88 -0.74  0.48 -0.47
  12  C/T   -67.00  -42.69  -27.44  0.83  0.47  0.30  0.46 -0.27 -0.85 -0.32  0.84 -0.44
            -67.93  -40.21  -28.73  0.95  0.28 -0.14  0.00 -0.46 -0.89 -0.32  0.84 -0.44
****************************************************************************************
Strand II helix axis

               Ox      Oy      Oz     Xx    Xy    Xz   Yx    Yy    Yz    Zx    Zy    Zz
   1  C/C   -41.26  -68.59  -17.77  0.35  0.88  0.32  0.40  0.17 -0.90 -0.85  0.45 -0.29
            -43.99  -67.16  -18.71  0.52  0.82 -0.25  0.13 -0.36 -0.92 -0.85  0.45 -0.29
   2  C/C   -43.29  -66.69  -19.25  0.85  0.52 -0.07  0.18 -0.41 -0.89 -0.49  0.75 -0.44
            -45.29  -63.65  -21.04  0.82  0.22 -0.53 -0.30 -0.62 -0.72 -0.49  0.75 -0.44
   3  C/C   -45.58  -63.69  -20.34  0.29  0.69 -0.67 -0.36 -0.57 -0.74 -0.89  0.45  0.08
            -47.86  -62.54  -20.13 -0.00  0.17 -0.99 -0.46 -0.88 -0.15 -0.89  0.45  0.08
   4  C/C   -48.05  -63.18  -21.77  0.34 -0.01 -0.94 -0.59 -0.78 -0.20 -0.73  0.62 -0.27
            -50.54  -61.06  -22.69  0.00 -0.39 -0.92 -0.68 -0.67  0.29 -0.73  0.62 -0.27
   5  C/A   -48.59  -59.19  -23.49  0.05 -0.42 -0.90 -0.67 -0.68  0.29 -0.74  0.59 -0.32
            -51.24  -57.07  -24.63 -0.38 -0.76 -0.53 -0.56 -0.27  0.78 -0.74  0.59 -0.32
   6  A/T   -51.50  -56.78  -24.03 -0.40 -0.74 -0.54 -0.44 -0.36  0.82 -0.80  0.56 -0.19
            -54.19  -54.90  -24.65 -0.58 -0.81  0.04 -0.13  0.14  0.98 -0.80  0.56 -0.19
   7  T/T   -53.56  -54.23  -24.42 -0.60 -0.80  0.04 -0.29  0.26  0.92 -0.74  0.54 -0.39
            -56.22  -52.30  -25.83 -0.64 -0.41  0.65  0.19  0.73  0.65 -0.74  0.54 -0.39
   8  T/G   -57.01  -52.12  -23.50 -0.62 -0.43  0.66  0.38  0.57  0.73 -0.69  0.70 -0.20
            -59.42  -49.66  -24.19 -0.34 -0.07  0.94  0.64  0.71  0.28 -0.69  0.70 -0.20
   9  G/G   -60.13  -51.05  -26.12 -0.37 -0.04  0.93  0.58  0.77  0.26 -0.73  0.64 -0.26
            -62.65  -48.84  -27.03 -0.02  0.37  0.93  0.69  0.68 -0.25 -0.73  0.64 -0.26
  10  G/G   -60.15  -46.76  -27.88 -0.19  0.55  0.81  0.79  0.57 -0.20 -0.58  0.60 -0.55
            -61.93  -44.90  -29.58  0.27  0.78  0.57  0.77  0.18 -0.61 -0.58  0.60 -0.55
  11  G/G   -64.52  -45.54  -26.80  0.39  0.64  0.67  0.68  0.30 -0.67 -0.63  0.71 -0.32
            -66.66  -43.11  -27.88  0.73  0.68  0.10  0.29 -0.17 -0.94 -0.63  0.71 -0.32
  12  G/A   -66.46  -42.52  -27.97  0.77  0.62  0.12  0.41 -0.35 -0.84 -0.49  0.70 -0.52
            -68.08  -40.19  -29.71  0.87  0.39 -0.29 -0.00 -0.60 -0.80 -0.49  0.70 -0.52
