  13 # base-pairs
   1 # ***local base-pair & helical parameters***
#        Shear    Stretch   Stagger   Buckle   Prop-Tw   Opening     X-disp    Y-disp    h-Rise    Incl.     Tip     h-Twist
G-C     -0.762     0.176    -0.002    -6.705   -13.037     6.237     0.000     0.000     0.000     0.000     0.000     0.000
G-C     -0.135     0.033     0.179    -2.522    -5.182    -4.457    -0.522    -0.689     3.310     3.549     3.828    29.602
G-C     -0.551    -0.116    -0.147   -10.916    -6.069     4.846    -0.499    -1.428     3.742    -1.554   -11.884    35.548
G-C     -0.066    -0.272     0.684    14.529    -4.098    -1.403    -0.020     0.491     2.900     0.920     4.218    33.227
G-C     -0.155    -0.242     0.718    13.751    -8.272     0.446    -0.764    -1.274     3.436    -7.965    -0.393    30.881
T-A     -0.225    -0.260     0.548     7.739    -6.795    -5.908    -1.476     1.134     3.569    -5.303    -0.559    35.039
A-T     -0.026    -0.457     0.757    -1.851   -20.572    -2.030     0.032     0.019     3.551   -10.860     0.269    38.425
A-T      0.094    -0.137     0.453    -7.962    -6.145    -6.358    -0.558     0.276     3.405    -8.306    -1.252    39.033
C-G      0.124    -0.091     0.632   -13.047    -7.590     0.844    -1.372    -1.156     3.572    -6.323     0.800    34.909
C-G      0.077    -0.180     0.582   -13.408    -4.030     0.120    -0.730     1.287     3.434    -8.502     0.273    30.496
C-G      0.494    -0.207    -0.207    10.655    -6.145     4.202     0.037    -0.449     2.925     1.817    -4.065    33.558
C-G      0.039     0.077     0.147     2.415    -4.122    -5.415    -0.521     1.413     3.753    -1.152    12.078    34.872
T-A      0.342    -0.154    -0.054     8.500    -6.895    -5.318    -1.047     2.105     3.138     8.275    -5.545    28.190
