  13 # base-pairs
   0 # ***local base-pair & step parameters***
#        Shear    Stretch   Stagger   Buckle   Prop-Tw   Opening     Shift     Slide     Rise      Tilt      Roll      Twist
G-C     -0.762     0.176    -0.002    -6.705   -13.037     6.237     0.000     0.000     0.000     0.000     0.000     0.000
G-C     -0.135     0.033     0.179    -2.522    -5.182    -4.457     0.137    -0.067     3.335    -1.953     1.811    29.485
G-C     -0.551    -0.116    -0.147   -10.916    -6.069     4.846     1.589    -0.398     3.488     7.208    -0.942    34.820
G-C     -0.066    -0.272     0.684    14.529    -4.098    -1.403    -0.484     0.033     2.873    -2.410     0.526    33.137
G-C     -0.155    -0.242     0.718    13.751    -8.272     0.446     0.701    -0.862     3.346     0.209    -4.229    30.596
T-A     -0.225    -0.260     0.548     7.739    -6.795    -5.908    -0.650    -1.200     3.483     0.336    -3.188    34.897
A-T     -0.026    -0.457     0.757    -1.851   -20.572    -2.030    -0.028    -0.612     3.498    -0.176    -7.109    37.786
A-T      0.094    -0.137     0.453    -7.962    -6.145    -6.358    -0.115    -0.834     3.326     0.834    -5.532    38.646
C-G      0.124    -0.091     0.632   -13.047    -7.590     0.844     0.646    -1.194     3.475    -0.479    -3.786    34.706
C-G      0.077    -0.180     0.582   -13.408    -4.030     0.120    -0.693    -0.870     3.340    -0.143    -4.457    30.176
C-G      0.494    -0.207    -0.207    10.655    -6.145     4.202     0.457     0.110     2.899     2.345     1.048    33.462
C-G      0.039     0.077     0.147     2.415    -4.122    -5.415    -1.579    -0.382     3.501    -7.189    -0.686    34.139
T-A      0.342    -0.154    -0.054     8.500    -6.895    -5.318    -0.724    -0.060     3.261     2.688     4.011    27.782
