****************************************************************************
CEHS base-pair parameters
     bp        Shear    Stretch   Stagger    Buckle  Propeller  Opening
    1 G-C      -0.76      0.17     -0.00     -6.69    -13.07      6.19
    2 G-C      -0.13      0.03      0.18     -2.52     -5.19     -4.45
    3 G-C      -0.55     -0.12     -0.15    -10.91     -6.09      4.82
    4 G-C      -0.07     -0.27      0.68     14.53     -4.12     -1.39
    5 G-C      -0.16     -0.24      0.72     13.74     -8.31      0.44
    6 T-A      -0.23     -0.26      0.55      7.74     -6.81     -5.89
    7 A-T      -0.02     -0.45      0.76     -1.84    -20.58     -2.00
    8 A-T       0.10     -0.14      0.45     -7.96     -6.16     -6.34
    9 C-G       0.12     -0.09      0.63    -13.04     -7.62      0.84
   10 C-G       0.08     -0.18      0.58    -13.41     -4.05      0.12
   11 C-G       0.49     -0.21     -0.21     10.65     -6.17      4.18
   12 C-G       0.04      0.08      0.15      2.42     -4.13     -5.41
   13 T-A       0.34     -0.15     -0.05      8.50     -6.92     -5.30
          ~~~~~~~~~~~~~~~~~~~~~~~~~~~~~~~~~~~~~~~~~~~~~~~~~~~~~~~~~~~~
      ave.     -0.06     -0.14      0.33      0.09     -7.63     -1.09
      s.d.      0.33      0.16      0.35     10.16      4.55      4.31
****************************************************************************
CEHS base-pair step parameters
    step       Shift     Slide      Rise      Tilt      Roll     Twist
   1 GG/CC      0.13     -0.07      3.34     -1.53      1.63     29.65
   2 GG/CC      1.59     -0.40      3.49      6.96     -0.81     34.70
   3 GG/CC     -0.49      0.03      2.87     -2.31      0.43     33.41
   4 GG/CC      0.70     -0.86      3.35      0.15     -4.28     30.72
   5 GT/AC     -0.66     -1.19      3.48      0.48     -3.03     34.77
   6 TA/TA     -0.03     -0.60      3.50     -0.20     -7.10     37.61
   7 AA/TT     -0.11     -0.82      3.33      0.87     -5.51     38.64
   8 AC/GT      0.65     -1.19      3.47     -0.63     -3.62     34.60
   9 CC/GG     -0.69     -0.87      3.34     -0.11     -4.49     30.27
  10 CC/GG      0.46      0.11      2.90      2.27      0.92     33.72
  11 CC/GG     -1.58     -0.38      3.50     -6.97     -0.56     34.02
  12 CT/AG     -0.73     -0.05      3.26      2.72      4.14     27.88
          ~~~~~~~~~~~~~~~~~~~~~~~~~~~~~~~~~~~~~~~~~~~~~~~~~~~~~~~~~~~~
      ave.     -0.06     -0.53      3.32      0.14     -1.86     33.33
      s.d.      0.84      0.47      0.22      3.28      3.33      3.19
****************************************************************************
CompDNA base-pair parameters
     bp        Shear    Stretch   Stagger    Buckle  Propeller  Opening
    1 G-C      -0.76      0.17     -0.00     -6.65    -13.05      6.21
    2 G-C      -0.13      0.03      0.18     -2.52     -5.18     -4.45
    3 G-C      -0.55     -0.12     -0.15    -10.90     -6.09      4.86
    4 G-C      -0.07     -0.27      0.68     14.52     -4.12     -1.41
    5 G-C      -0.16     -0.24      0.72     13.70     -8.31      0.45
    6 T-A      -0.23     -0.26      0.55      7.72     -6.81     -5.91
    7 A-T      -0.02     -0.46      0.76     -1.81    -20.57     -2.00
    8 A-T       0.09     -0.14      0.45     -7.95     -6.15     -6.36
    9 C-G       0.12     -0.09      0.63    -13.01     -7.62      0.85
   10 C-G       0.08     -0.18      0.58    -13.40     -4.05      0.12
   11 C-G       0.49     -0.21     -0.21     10.63     -6.16      4.21
   12 C-G       0.04      0.08      0.15      2.41     -4.12     -5.41
   13 T-A       0.34     -0.15     -0.05      8.48     -6.91     -5.32
          ~~~~~~~~~~~~~~~~~~~~~~~~~~~~~~~~~~~~~~~~~~~~~~~~~~~~~~~~~~~~
      ave.     -0.06     -0.14      0.33      0.10     -7.63     -1.09
      s.d.      0.33      0.17      0.35     10.14      4.55      4.32
****************************************************************************
CompDNA base-pair step parameters
    step       Shift     Slide      Rise      Tilt      Roll     Twist
   1 GG/CC      0.14     -0.07      3.34     -1.96      1.81     29.65
   2 GG/CC      1.59     -0.40      3.49      7.21     -0.93     34.77
   3 GG/CC     -0.48      0.03      2.87     -2.41      0.53     33.42
   4 GG/CC      0.70     -0.86      3.35      0.19     -4.23     30.69
   5 GT/AC     -0.65     -1.20      3.48      0.33     -3.19     34.75
   6 TA/TA     -0.03     -0.61      3.50     -0.18     -7.11     37.52
   7 AA/TT     -0.11     -0.83      3.33      0.84     -5.53     38.58
   8 AC/GT      0.65     -1.19      3.47     -0.47     -3.79     34.58
   9 CC/GG     -0.69     -0.87      3.34     -0.13     -4.46     30.25
  10 CC/GG      0.46      0.11      2.90      2.34      1.05     33.73
  11 CC/GG     -1.58     -0.38      3.50     -7.19     -0.68     34.08
  12 CT/AG     -0.72     -0.06      3.26      2.69      4.01     27.88
          ~~~~~~~~~~~~~~~~~~~~~~~~~~~~~~~~~~~~~~~~~~~~~~~~~~~~~~~~~~~~
      ave.     -0.06     -0.53      3.32      0.11     -1.88     33.32
      s.d.      0.84      0.47      0.22      3.40      3.35      3.18
****************************************************************************
Curves base-pair parameters (by Xiang-Jun Lu)
     bp        Shear    Stretch   Stagger    Buckle  Propeller  Opening
    1 G-C      -0.76      0.18     -0.00     -6.78    -13.01      6.24
    2 G-C      -0.13      0.03      0.18     -2.53     -5.18     -4.46
    3 G-C      -0.55     -0.11     -0.15    -10.94     -6.03      4.85
    4 G-C      -0.07     -0.27      0.69     14.54     -4.05     -1.40
    5 G-C      -0.15     -0.24      0.73     13.81     -8.19      0.45
    6 T-A      -0.22     -0.26      0.55      7.76     -6.77     -5.91
    7 A-T      -0.03     -0.46      0.77     -1.90    -20.57     -2.03
    8 A-T       0.09     -0.14      0.46     -7.98     -6.13     -6.36
    9 C-G       0.12     -0.09      0.64    -13.09     -7.52      0.84
   10 C-G       0.08     -0.18      0.59    -13.42     -3.99      0.12
   11 C-G       0.49     -0.21     -0.21     10.68     -6.11      4.20
   12 C-G       0.04      0.08      0.15      2.42     -4.12     -5.41
   13 T-A       0.34     -0.15     -0.05      8.53     -6.87     -5.32
          ~~~~~~~~~~~~~~~~~~~~~~~~~~~~~~~~~~~~~~~~~~~~~~~~~~~~~~~~~~~~
      ave.     -0.06     -0.14      0.33      0.08     -7.58     -1.09
      s.d.      0.33      0.17      0.36     10.19      4.56      4.32
****************************************************************************
Curves base-pair step parameters
    step       Shift     Slide      Rise      Tilt      Roll     Twist
   1 GG/CC      0.14     -0.07      3.34     -1.95      1.81     29.32
   2 GG/CC      1.59     -0.40      3.50      7.21     -0.95     34.94
   3 GG/CC     -0.48      0.03      2.87     -2.41      0.53     32.86
   4 GG/CC      0.70     -0.86      3.35      0.22     -4.23     30.48
   5 GT/AC     -0.65     -1.20      3.48      0.35     -3.19     35.03
   6 TA/TA     -0.03     -0.61      3.50     -0.17     -7.11     37.98
   7 AA/TT     -0.12     -0.83      3.33      0.83     -5.53     38.67
   8 AC/GT      0.64     -1.20      3.48     -0.49     -3.78     34.82
   9 CC/GG     -0.70     -0.87      3.34     -0.16     -4.46     30.08
  10 CC/GG      0.46      0.11      2.90      2.34      1.05     33.20
  11 CC/GG     -1.58     -0.38      3.51     -7.19     -0.70     34.26
  12 CT/AG     -0.72     -0.06      3.26      2.69      4.01     27.68
          ~~~~~~~~~~~~~~~~~~~~~~~~~~~~~~~~~~~~~~~~~~~~~~~~~~~~~~~~~~~~
      ave.     -0.06     -0.53      3.32      0.11     -1.88     33.28
      s.d.      0.84      0.47      0.22      3.40      3.35      3.38
****************************************************************************
FreeHelix base-pair parameters (by Xiang-Jun Lu)
     bp        Shear    Stretch   Stagger    Buckle  Propeller  Opening
    1 G-C      -0.76      0.17     -0.00     -6.69    -13.07      6.21
    2 G-C      -0.13      0.03      0.18     -2.52     -5.18     -4.45
    3 G-C      -0.55     -0.12     -0.15    -10.91     -6.12      4.86
    4 G-C      -0.07     -0.27      0.68     14.53     -4.15     -1.41
    5 G-C      -0.16     -0.24      0.72     13.74     -8.37      0.45
    6 T-A      -0.23     -0.26      0.55      7.73     -6.82     -5.91
    7 A-T      -0.02     -0.46      0.76     -1.84    -20.58     -2.00
    8 A-T       0.09     -0.14      0.45     -7.96     -6.17     -6.36
    9 C-G       0.12     -0.09      0.63    -13.04     -7.67      0.85
   10 C-G       0.08     -0.18      0.58    -13.41     -4.08      0.12
   11 C-G       0.49     -0.21     -0.21     10.65     -6.19      4.21
   12 C-G       0.04      0.08      0.15      2.41     -4.12     -5.41
   13 T-A       0.34     -0.15     -0.05      8.49     -6.93     -5.32
          ~~~~~~~~~~~~~~~~~~~~~~~~~~~~~~~~~~~~~~~~~~~~~~~~~~~~~~~~~~~~
      ave.     -0.06     -0.14      0.33      0.09     -7.65     -1.09
      s.d.      0.33      0.17      0.35     10.15      4.55      4.32
****************************************************************************
FreeHelix base-pair step parameters
    step       Shift     Slide      Rise      Tilt      Roll     Twist
   1 GG/CC      0.14     -0.07      3.34     -1.96      1.81     29.65
   2 GG/CC      1.59     -0.40      3.49      7.21     -0.93     34.77
   3 GG/CC     -0.48      0.03      2.87     -2.41      0.53     33.42
   4 GG/CC      0.70     -0.86      3.35      0.19     -4.23     30.69
   5 GT/AC     -0.65     -1.20      3.48      0.33     -3.19     34.75
   6 TA/TA     -0.03     -0.61      3.50     -0.18     -7.11     37.52
   7 AA/TT     -0.11     -0.83      3.33      0.84     -5.53     38.58
   8 AC/GT      0.65     -1.19      3.47     -0.47     -3.79     34.58
   9 CC/GG     -0.69     -0.87      3.34     -0.13     -4.46     30.25
  10 CC/GG      0.46      0.11      2.90      2.34      1.05     33.73
  11 CC/GG     -1.58     -0.38      3.50     -7.19     -0.68     34.08
  12 CT/AG     -0.72     -0.06      3.26      2.69      4.01     27.88
          ~~~~~~~~~~~~~~~~~~~~~~~~~~~~~~~~~~~~~~~~~~~~~~~~~~~~~~~~~~~~
      ave.     -0.06     -0.53      3.32      0.11     -1.88     33.33
      s.d.      0.84      0.47      0.22      3.40      3.35      3.18
****************************************************************************
NGEOM base-pair parameters
     bp        Shear    Stretch   Stagger    Buckle  Propeller  Opening
    1 G-C      -0.76      0.18     -0.00     -6.71    -13.04      6.24
    2 G-C      -0.13      0.03      0.18     -2.52     -5.18     -4.46
    3 G-C      -0.55     -0.12     -0.15    -10.92     -6.07      4.85
    4 G-C      -0.07     -0.27      0.68     14.53     -4.10     -1.40
    5 G-C      -0.15     -0.24      0.72     13.75     -8.27      0.45
    6 T-A      -0.23     -0.26      0.55      7.74     -6.80     -5.91
    7 A-T      -0.03     -0.46      0.76     -1.85    -20.57     -2.03
    8 A-T       0.09     -0.14      0.45     -7.96     -6.14     -6.36
    9 C-G       0.12     -0.09      0.63    -13.05     -7.59      0.84
   10 C-G       0.08     -0.18      0.58    -13.41     -4.03      0.12
   11 C-G       0.49     -0.21     -0.21     10.66     -6.15      4.20
   12 C-G       0.04      0.08      0.15      2.41     -4.12     -5.41
   13 T-A       0.34     -0.15     -0.05      8.50     -6.90     -5.32
          ~~~~~~~~~~~~~~~~~~~~~~~~~~~~~~~~~~~~~~~~~~~~~~~~~~~~~~~~~~~~
      ave.     -0.06     -0.14      0.33      0.09     -7.61     -1.09
      s.d.      0.33      0.17      0.35     10.16      4.55      4.32
****************************************************************************
NGEOM base-pair step parameters
    step       Shift     Slide      Rise      Tilt      Roll     Twist
   1 GG/CC      0.13     -0.06      3.34     -1.95      1.81     29.48
   2 GG/CC      1.62     -0.40      3.47      7.21     -0.94     34.82
   3 GG/CC     -0.49      0.04      2.87     -2.41      0.53     33.14
   4 GG/CC      0.70     -0.88      3.34      0.21     -4.23     30.60
   5 GT/AC     -0.65     -1.22      3.48      0.34     -3.19     34.90
   6 TA/TA     -0.03     -0.65      3.49     -0.18     -7.11     37.79
   7 AA/TT     -0.11     -0.86      3.32      0.83     -5.53     38.65
   8 AC/GT      0.64     -1.21      3.47     -0.48     -3.79     34.71
   9 CC/GG     -0.69     -0.89      3.34     -0.14     -4.46     30.18
  10 CC/GG      0.47      0.11      2.90      2.34      1.05     33.46
  11 CC/GG     -1.61     -0.39      3.49     -7.19     -0.69     34.14
  12 CT/AG     -0.71     -0.05      3.26      2.69      4.01     27.78
          ~~~~~~~~~~~~~~~~~~~~~~~~~~~~~~~~~~~~~~~~~~~~~~~~~~~~~~~~~~~~
      ave.     -0.06     -0.54      3.31      0.11     -1.88     33.30
      s.d.      0.85      0.48      0.22      3.40      3.35      3.28
****************************************************************************
NUPARM base-pair parameters
     bp        Shear    Stretch   Stagger    Buckle  Propeller  Opening
    1 G-C      -0.76      0.17     -0.00     -6.70    -13.05      6.19
    2 G-C      -0.13      0.03      0.18     -2.52     -5.19     -4.45
    3 G-C      -0.55     -0.12     -0.15    -10.92     -6.07      4.82
    4 G-C      -0.07     -0.27      0.68     14.53     -4.09     -1.39
    5 G-C      -0.15     -0.24      0.72     13.74     -8.25      0.44
    6 T-A      -0.23     -0.26      0.55      7.74     -6.80     -5.88
    7 A-T      -0.03     -0.45      0.76     -1.84    -20.57     -2.00
    8 A-T       0.10     -0.14      0.45     -7.97     -6.15     -6.33
    9 C-G       0.12     -0.09      0.63    -13.04     -7.57      0.84
   10 C-G       0.08     -0.18      0.58    -13.41     -4.02      0.12
   11 C-G       0.49     -0.21     -0.21     10.66     -6.14      4.18
   12 C-G       0.04      0.08      0.15      2.42     -4.13     -5.41
   13 T-A       0.34     -0.15     -0.05      8.50     -6.90     -5.29
          ~~~~~~~~~~~~~~~~~~~~~~~~~~~~~~~~~~~~~~~~~~~~~~~~~~~~~~~~~~~~
      ave.     -0.06     -0.14      0.33      0.09     -7.61     -1.09
      s.d.      0.33      0.16      0.35     10.16      4.56      4.30
****************************************************************************
NUPARM base-pair step parameters
    step       Shift     Slide      Rise      Tilt      Roll     Twist
   1 GG/CC      0.12     -0.06      3.34     -1.60      1.58     29.64
   2 GG/CC      1.65     -0.41      3.46      7.27     -0.73     34.64
   3 GG/CC     -0.51      0.03      2.87     -2.45      0.38     33.40
   4 GG/CC      0.70     -0.90      3.34      0.14     -4.50     30.69
   5 GT/AC     -0.65     -1.22      3.47      0.48     -3.06     34.75
   6 TA/TA     -0.04     -0.67      3.49     -0.24     -7.60     37.54
   7 AA/TT     -0.10     -0.88      3.31      0.97     -5.94     38.59
   8 AC/GT      0.64     -1.22      3.46     -0.64     -3.65     34.58
   9 CC/GG     -0.70     -0.91      3.33     -0.12     -4.67     30.25
  10 CC/GG      0.48      0.11      2.90      2.39      0.86     33.71
  11 CC/GG     -1.64     -0.39      3.47     -7.27     -0.48     33.96
  12 CT/AG     -0.71     -0.02      3.26      2.77      4.34     27.86
          ~~~~~~~~~~~~~~~~~~~~~~~~~~~~~~~~~~~~~~~~~~~~~~~~~~~~~~~~~~~~
      ave.     -0.06     -0.54      3.31      0.14     -1.96     33.30
      s.d.      0.86      0.49      0.21      3.43      3.50      3.18
****************************************************************************
NUPARM base-pair helical parameters
    step       X-disp    Y-disp   h-Rise     Incl.       Tip   h-Twist
   1 GG/CC     -0.47     -0.58      3.32      3.00      3.01     29.72
   2 GG/CC     -0.56     -1.50      3.73     -1.10    -11.48     35.38
   3 GG/CC      0.00      0.51      2.90      0.64      4.09     33.49
   4 GG/CC     -0.74     -1.29      3.44     -8.20     -0.31     31.02
   5 GT/AC     -1.53      1.17      3.56     -4.85     -0.79     34.89
   6 TA/TA      0.06      0.02      3.56    -10.93      0.35     38.26
   7 AA/TT     -0.54      0.28      3.41     -8.41     -1.34     39.04
   8 AC/GT     -1.43     -1.20      3.56     -5.81      1.05     34.77
   9 CC/GG     -0.73      1.31      3.44     -8.62      0.28     30.60
  10 CC/GG      0.07     -0.47      2.92      1.43     -3.95     33.81
  11 CC/GG     -0.58      1.48      3.74     -0.73     11.72     34.71
  12 CT/AG     -1.08      2.13      3.14      8.69     -5.49     28.33
          ~~~~~~~~~~~~~~~~~~~~~~~~~~~~~~~~~~~~~~~~~~~~~~~~~~~~~~~~~~~~
      ave.     -0.63      0.16      3.39     -2.91     -0.24     33.67
      s.d.      0.53      1.20      0.28      5.85      5.59      3.26
****************************************************************************
RNA base-pair parameters
     bp        Shear    Stretch   Stagger    Buckle  Propeller  Opening
    1 G-C      -0.75      0.16     -0.01     -6.71    -13.04      6.20
    2 G-C      -0.13      0.03      0.18     -2.52     -5.18     -4.45
    3 G-C      -0.54     -0.14     -0.15    -10.92     -6.07      4.83
    4 G-C      -0.07     -0.30      0.68     14.53     -4.10     -1.39
    5 G-C      -0.17     -0.27      0.72     13.75     -8.27      0.44
    6 T-A      -0.23     -0.27      0.55      7.74     -6.80     -5.89
    7 A-T      -0.02     -0.46      0.76     -1.85    -20.57     -2.01
    8 A-T       0.10     -0.15      0.46     -7.97     -6.15     -6.34
    9 C-G       0.14     -0.11      0.63    -13.05     -7.59      0.84
   10 C-G       0.08     -0.21      0.58    -13.41     -4.03      0.12
   11 C-G       0.48     -0.23     -0.21     10.66     -6.15      4.19
   12 C-G       0.04      0.07      0.15      2.42     -4.12     -5.41
   13 T-A       0.33     -0.17     -0.05      8.50     -6.90     -5.30
          ~~~~~~~~~~~~~~~~~~~~~~~~~~~~~~~~~~~~~~~~~~~~~~~~~~~~~~~~~~~~
      ave.     -0.06     -0.16      0.33      0.09     -7.61     -1.09
      s.d.      0.33      0.17      0.36     10.16      4.56      4.31
****************************************************************************
RNA base-pair step parameters
    step       Shift     Slide      Rise      Tilt      Roll     Twist
   1 GG/CC      0.29     -0.07      3.40     -1.77      1.68     29.48
   2 GG/CC      1.48     -0.39      3.34      7.18     -0.83     34.78
   3 GG/CC     -0.40      0.02      3.27     -2.42      0.45     33.13
   4 GG/CC      0.66     -0.87      3.33      0.18     -4.33     30.58
   5 GT/AC     -0.57     -1.19      3.39      0.41     -3.10     34.89
   6 TA/TA     -0.10     -0.60      3.35     -0.21     -7.28     37.75
   7 AA/TT     -0.04     -0.81      3.23      0.88     -5.68     38.62
   8 AC/GT      0.55     -1.19      3.39     -0.56     -3.69     34.70
   9 CC/GG     -0.67     -0.89      3.33     -0.14     -4.53     30.16
  10 CC/GG      0.41      0.09      3.28      2.35      0.95     33.46
  11 CC/GG     -1.47     -0.37      3.36     -7.17     -0.58     34.10
  12 CT/AG     -0.71     -0.01      3.35      2.71      4.15     27.76
          ~~~~~~~~~~~~~~~~~~~~~~~~~~~~~~~~~~~~~~~~~~~~~~~~~~~~~~~~~~~~
      ave.     -0.05     -0.52      3.33      0.12     -1.90     33.28
      s.d.      0.78      0.47      0.05      3.39      3.39      3.27
****************************************************************************
RNA base-pair helical parameters
    step       X-disp    Y-disp   h-Rise     Incl.       Tip   h-Twist
   1 GG/CC     -0.52     -0.96      3.37      3.27      3.43     29.58
   2 GG/CC     -0.51     -1.27      3.58     -1.34    -11.66     35.52
   3 GG/CC     -0.04      0.29      3.29      0.78      4.17     33.22
   4 GG/CC     -0.75     -1.19      3.42     -8.07     -0.34     30.89
   5 GT/AC     -1.47      1.01      3.47     -5.08     -0.67     35.03
   6 TA/TA      0.07      0.12      3.40    -10.92      0.31     38.45
   7 AA/TT     -0.50      0.16      3.31     -8.36     -1.30     39.05
   8 AC/GT     -1.37     -1.01      3.49     -6.07      0.92     34.90
   9 CC/GG     -0.74      1.24      3.43     -8.55      0.26     30.50
  10 CC/GG      0.00     -0.31      3.30      1.62     -4.02     33.55
  11 CC/GG     -0.52      1.24      3.59     -0.95     11.88     34.85
  12 CT/AG     -1.01      2.12      3.23      8.48     -5.54     28.20
          ~~~~~~~~~~~~~~~~~~~~~~~~~~~~~~~~~~~~~~~~~~~~~~~~~~~~~~~~~~~~
      ave.     -0.61      0.12      3.41     -2.93     -0.21     33.64
      s.d.      0.50      1.11      0.11      5.84      5.69      3.36
****************************************************************************
Strand I base step parameters
    step       Shift     Slide      Rise      Tilt      Roll     Twist
   1  G/G      -0.09     -0.40      3.45      2.44      4.45     24.25
   2  G/G       0.41     -0.77      3.33      4.96     -3.43     38.97
   3  G/G      -1.05     -0.07      3.65     11.39      1.84     29.85
   4  G/G      -0.11     -0.47      3.44      1.51     -2.51     31.89
   5  G/T      -1.35     -0.97      3.52     -0.29      0.75     31.82
   6  T/A      -0.62     -0.64      3.57      0.19    -12.93     40.02
   7  A/A      -0.70     -0.85      3.17      2.40     -0.25     36.11
   8  A/C      -0.24     -1.45      3.37     -0.70     -7.75     37.80
   9  C/C      -1.45     -1.29      3.25      1.17     -6.22     29.15
  10  C/C      -0.29      0.14      2.96     15.57     -0.66     35.18
  11  C/C      -2.54      0.02      3.46     -9.73      2.18     29.67
  12  C/T      -1.27      0.02      3.39      6.83      4.33     27.39
          ~~~~~~~~~~~~~~~~~~~~~~~~~~~~~~~~~~~~~~~~~~~~~~~~~~~~~~~~~~~~
      ave.     -0.78     -0.56      3.38      2.98     -1.68     32.68
      s.d.      0.80      0.53      0.19      6.38      5.20      4.93
****************************************************************************
Strand I base helical parameters
    step       X-disp    Y-disp   h-Rise     Incl.       Tip   h-Twist
   1  G/G      -2.36     -0.81      3.30     10.35     -5.69     24.78
   2  G/G      -0.70     -1.78      3.41     -5.01     -7.24     39.43
   3  G/G      -0.49      2.32      3.03      3.37    -20.86     32.00
   4  G/G      -0.35     -1.32      3.46     -4.50     -2.70     32.02
   5  G/T      -1.92      0.60      3.51      1.35      0.52     31.83
   6  T/A       0.69     -0.92      3.59    -17.90     -0.26     42.06
   7  A/A      -1.34     -0.35      3.13     -0.40     -3.80     36.19
   8  A/C      -1.13     -1.54      3.60    -11.59      1.05     38.60
   9  C/C      -1.14      1.27      3.39    -12.04     -2.26     29.82
  10  C/C       0.28      0.41      2.59     -1.01    -23.86     38.48
  11  C/C      -0.46      0.68      4.07      4.06     18.13     31.30
  12  C/T      -0.95      2.34      2.95      8.81    -13.88     28.56
          ~~~~~~~~~~~~~~~~~~~~~~~~~~~~~~~~~~~~~~~~~~~~~~~~~~~~~~~~~~~~
      ave.     -0.82      0.07      3.33     -2.04     -5.07     33.76
      s.d.      0.85      1.42      0.38      8.58     11.00      5.15
****************************************************************************
Strand II base step parameters
    step       Shift     Slide      Rise      Tilt      Roll     Twist
   1  C/C       0.67      0.26      3.41     -6.37     -0.88     34.47
   2  C/C       2.55     -0.01      3.45      9.63      1.53     30.56
   3  C/C       0.25      0.14      2.93    -16.31     -1.19     35.92
   4  C/C       1.42     -1.28      3.26     -1.07     -5.97     28.99
   5  C/A       0.21     -1.45      3.37      0.80     -7.25     37.62
   6  A/T       0.46     -0.61      3.32     -0.11     -1.56     35.64
   7  T/T       0.58     -0.81      3.50     -1.14    -10.90     41.19
   8  T/G       1.35     -0.97      3.51     -0.11      0.05     31.25
   9  G/G       0.11     -0.48      3.44     -1.50     -2.75     30.90
  10  G/G       1.09      0.09      3.64    -10.82      2.29     31.26
  11  G/G      -0.39     -0.77      3.34     -4.86     -3.60     38.48
  12  G/A      -0.16     -0.09      3.37     -1.41      4.15     27.94
          ~~~~~~~~~~~~~~~~~~~~~~~~~~~~~~~~~~~~~~~~~~~~~~~~~~~~~~~~~~~~
      ave.      0.68     -0.50      3.38     -2.77     -2.17     33.69
      s.d.      0.81      0.58      0.17      6.43      4.27      4.14
****************************************************************************
Strand II base helical parameters
    step       X-disp    Y-disp   h-Rise     Incl.       Tip   h-Twist
   1  C/C       0.57     -0.31      3.22     -1.45     10.47     35.07
   2  C/C      -0.36     -0.73      4.05      2.78    -17.47     32.08
   3  C/C       0.34     -0.33      2.56     -1.78     24.41     39.46
   4  C/C      -1.17     -1.21      3.40    -11.63      2.08     29.62
   5  C/A      -1.20      1.59      3.58    -10.91     -1.21     38.32
   6  A/T      -0.76      1.04      3.35     -2.51      0.18     35.68
   7  T/T       0.15      0.87      3.58    -14.82      1.56     42.63
   8  T/G      -1.80     -0.71      3.51      0.09      0.20     31.25
   9  G/G      -0.32      1.29      3.46     -5.08      2.77     31.06
  10  G/G      -0.27     -2.08      3.08      4.03     19.06     33.16
  11  G/G      -0.68      1.76      3.42     -5.31      7.17     38.96
  12  G/A      -1.21      1.78      3.32      8.45      2.88     28.28
          ~~~~~~~~~~~~~~~~~~~~~~~~~~~~~~~~~~~~~~~~~~~~~~~~~~~~~~~~~~~~
      ave.     -0.56      0.25      3.38     -3.18      4.34     34.63
      s.d.      0.71      1.30      0.35      6.83     10.55      4.46
